Token: Weight
----------------
leasing: 0.1239552721
limited: 0.0049261083
periods: 0.0068864040
lower: 0.0051300130
store: 0.0209109373
matched: 0.0103296060
risks: 0.0064090150
tie: 0.0103296060
uncertainties: 0.0118210521
package: 0.0072039310
equipment: 0.0338757075
accounting: 0.0067080189
manage: 0.0079447478
fixed: 0.0073466096
avoid: 0.0125985574
financing: 0.0132258395
free: 0.0034432020
time: 0.0023503511
help: 0.0041630445
forward: 0.0067080189
page: 0.0023503511
depreciation: 0.0098522166
considers: 0.0062992787
information: 0.0014829064
transfer: 0.0057935533
aaa: 0.0364779979
companies: 0.0147783253
meet: 0.0047007021
flexible: 0.0077821850
board: 0.0051300130
loan: 0.0077821850
startup: 0.0098522166
flows: 0.0088295154
system: 0.0070510535
ownership: 0.0079447478
tax: 0.0053161634
simply: 0.0059316256
operating: 0.0057935533
dont: 0.0059316256
payments: 0.0188978370
lines: 0.0219496228
robotic: 0.0317789912
home: 0.0047007021
getting: 0.0062992787
typically: 0.0072039310
simple: 0.0057935533
reveals: 0.0146932192
costs: 0.0047007021
unexpected: 0.0103296060
1997: 0.0053161634
life: 0.0029658128
american: 0.0023503511
agreements: 0.0064090150
caught: 0.0103296060
100: 0.0029658128
sheet: 0.0088295154
sophisticated: 0.0076062465
frequently: 0.0059316256
productivity: 0.0083693098
acquire: 0.0098522166
look: 0.0038332574
edge: 0.0077821850
stay: 0.0069703120
payment: 0.0076062465
debt: 0.0209109373
04: 0.0076062465
robot: 0.0325669758
helps: 0.0162878074
cutting: 0.0074803638
standards: 0.0049261083
leases: 0.0103296060
expense: 0.0083693098
industrial: 0.0177948773
method: 0.0049261083
quickly: 0.0068864040
keep: 0.0112919016
managers: 0.0070510530
technology: 0.0041630445
concentrate: 0.0098522166
send: 0.0023503511
percent: 0.0060613248
equity: 0.0091194995
little: 0.0053161634
balance: 0.0054874057
committing: 0.0098522166
deal: 0.0049261083
january: 0.0053161634
primary: 0.0056459508
useful: 0.0068864040
saturday: 0.0088295154
bank: 0.0088974386
credit: 0.0106323268
key: 0.0034432020
systems: 0.0034432020
financial: 0.0076665147
schedules: 0.0103296060
characterized: 0.0076062465
storekeep: 0.0103296060
rental: 0.0206592120
cost: 0.0047007021
modified: 0.0068864040
picture: 0.0072039310
hearing: 0.0065133953
upgrade: 0.0091194995
email: 0.0049261083
secrets: 0.0158894956
lease: 0.1039894596
cash: 0.0228187405
permits: 0.0094535863
example: 0.0041630445
management: 0.0038332574
specific: 0.0023503511
owning: 0.0103296060
deduct: 0.0098522166
add: 0.0066129197
business: 0.0047007021
risk: 0.0054874057
allows: 0.0268320758
keeps: 0.0091194995
offbalance: 0.0118210521
profit: 0.0072039310
mail: 0.0060613248
advantages: 0.0057935533
obsolete: 0.0197044332
provides: 0.0038332574
advantage: 0.0059316256
source: 0.0054874057
term: 0.0023503511
mature: 0.0103296060
learned: 0.0081439037
benefits: 0.0049261083
costly: 0.0176590309
