Token: Weight
----------------
home: 0.0085200230
client: 0.0236110594
gross: 0.0551452935
quick: 0.0261142515
click: 0.0107510723
download: 0.0303387512
accounting: 0.0486331396
accountants: 0.0396913700
1996: 0.0085200230
following: 0.0124816084
weighted: 0.0793827400
full: 0.0150910364
performance: 0.0185962990
examined: 0.0210016314
value: 0.0161266085
report: 0.0085200230
returns: 0.0522285029
sheet: 0.0320069939
sample: 0.0310779065
composites: 0.0857026353
infoaascpacom: 0.0396913700
copy: 0.0170400459
reports: 0.0215021446
services: 0.0430042893
advantages: 0.0210016314
asset: 0.0661163777
nbspnbspmandate: 0.0964845717
fees: 0.0813489631
list: 0.0185962990
copyright: 0.0053755362
composite: 0.0330581889
reader: 0.0275726467
overview: 0.0150910364
start: 0.0085200230
verification: 0.0320069939
pc: 0.0282104220
determined: 0.0243165698
disclosure: 0.0342692547
ashland: 0.0793827400
management: 0.0277911182
quarterly: 0.0714285746
