Token: Weight
----------------
law: 0.0376287512
william: 0.1348976493
red: 0.1470114142
poems: 0.2175453305
button: 0.0752575025
horse: 0.2621137500
<body: 0.1192803159
main: 0.1056372523
