Token: Weight
----------------
reliable: 0.0055031800
nt: 0.0177097693
manage: 0.0059512323
highquality: 0.0082019065
installation: 0.0058294595
cover: 0.0042292550
help: 0.0031184428
lotus: 0.0246057194
refer: 0.0059512323
page: 0.0052817855
comprehensive: 0.0076855551
macintosh: 0.0073800739
combine: 0.0059512323
video: 0.0056033726
nbsp: 0.0044432473
information: 0.0055540591
services: 0.0022216237
support: 0.0022216237
host: 0.0068312120
contents: 0.0043398202
ibm: 0.0431704223
offers: 0.0036900369
workgroup: 0.0088548847
windows: 0.0238049291
table: 0.0055031800
available: 0.0025792252
powerful: 0.0051584505
guaranteed: 0.0061004153
create: 0.0036900369
largest: 0.0043398202
system: 0.0035211903
operating: 0.0043398202
wealth: 0.0056033726
language: 0.0036900369
computer: 0.0038427776
home: 0.0017605951
range: 0.0039822184
satisfy: 0.0077376752
broad: 0.0044432473
installed: 0.0077376752
secure: 0.0398836769
data: 0.0025792252
easily: 0.0051584505
build: 0.0052817855
modern: 0.0028714070
personal: 0.0022216237
designed: 0.0062368857
significant: 0.0036900369
easy: 0.0144025469
supported: 0.0049535893
builtin: 0.0088548847
foundation: 0.0046320017
tell: 0.0052213040
publish: 0.0066139912
built: 0.0047186483
products: 0.0079644369
sophisticated: 0.0056976685
regardless: 0.0052817855
look: 0.0028714070
install: 0.0147601478
95: 0.0041104923
os2: 0.0442744195
previous: 0.0039822184
93: 0.0047186483
documents: 0.0043398202
pages: 0.0050248262
91: 0.0039822184
access: 0.0035211903
electronic: 0.0048008491
product: 0.0084585100
integrated: 0.0168101173
cdrom: 0.0077376752
base: 0.0043398202
interact: 0.0064220023
revise: 0.0088548847
notes: 0.0031184428
quickly: 0.0103169009
world: 0.0017605951
transactions: 0.0059512323
markup: 0.0082019065
users: 0.0048790378
technology: 0.0062368857
client: 0.0048790378
solutions: 0.0096016983
transaction: 0.0073800739
enable: 0.0059512323
remote: 0.0056976685
dynamically: 0.0082019065
versatile: 0.0077376752
describes: 0.0035211903
software: 0.0432076417
personnel: 0.0041104923
family: 0.0124737713
future: 0.0025792252
reaching: 0.0056976685
choosing: 0.0062692617
value: 0.0033324354
enhancements: 0.0088548847
processing: 0.0048790378
applications: 0.0079644369
systems: 0.0103169009
networks: 0.0168101173
departmental: 0.0088548847
connection: 0.0251241289
text: 0.0043398202
interconnected: 0.0088548847
tells: 0.0058294595
releases: 0.0064220023
124: 0.0178536959
environments: 0.0128440047
enterprise: 0.0056976685
learn: 0.0048008491
providing: 0.0035211903
preferred: 0.0066139912
enables: 0.0058294595
environment: 0.0093553290
email: 0.0036900369
popular: 0.0039822184
company: 0.0031184428
doing: 0.0042292550
installing: 0.0082019065
require: 0.0044432473
management: 0.0057428139
internet: 0.0238933116
mobile: 0.0066139912
update: 0.0052817855
quick: 0.0053963028
existing: 0.0044432473
deployed: 0.0066139912
currently: 0.0036900369
network: 0.0079644369
warp: 0.0164038129
business: 0.0035211903
chapter: 0.0088864947
distribute: 0.0070814691
complete: 0.0036900369
servers: 0.0590405911
performance: 0.0038427776
compatible: 0.0073800739
path: 0.0061004153
graphics: 0.0056033726
beginnings: 0.0053963028
introducing: 0.0066139912
forms: 0.0031184428
availability: 0.0058294595
top: 0.0035211903
functions: 0.0084585100
application: 0.0028714070
protocol: 0.0077376752
audience: 0.0122008305
audio: 0.0070814691
lay: 0.0061004153
layer: 0.0068312120
track: 0.0056033726
customers: 0.0058294595
addition: 0.0036900369
suppliers: 0.0141629381
database: 0.0064220023
youre: 0.0073800739
sockets: 0.0088548847
book: 0.0017605951
server: 0.0874418914
html: 0.0077376752
adding: 0.0050248262
unix: 0.0199377704
clients: 0.0046320017
growth: 0.0033324354
