Token: Weight
----------------
phone: 0.0143890828
send: 0.0095424252
handle: 0.0101234261
save: 0.0102937873
basis: 0.0063616168
tie: 0.0139794005
newsletters: 0.0159978252
ext: 0.0159978252
city: 0.0051876754
requests: 0.0205875747
avoid: 0.0085250242
break: 0.0095424261
references: 0.0116024176
please: 0.0127232336
539: 0.0148181105
misery: 0.0551070869
nbsp: 0.0160549339
information: 0.0080274669
charges: 0.0240823999
text: 0.0078406092
services: 0.0200686678
$25: 0.0238985568
fax: 0.0138852363
scanning: 0.0360209048
form: 0.0046598003
editing: 0.0148181105
releases: 0.0348072536
newsletter: 0.0322556756
hours: 0.0076408540
art: 0.0031808084
offers: 0.0066666668
submitted: 0.0107518928
answer: 0.0095424261
questions: 0.0103753507
printing: 0.0127938548
code: 0.0069426182
available: 0.0046598003
favorite: 0.0127938548
countless: 0.0148181105
pricing: 0.0113264667
project: 0.0069426182
publications: 0.0266666673
email: 0.0199999996
bay: 0.0447474271
dont: 0.0080274669
company: 0.0056339870
doing: 0.0152817080
po: 0.0090781860
dread: 0.0159978252
internet: 0.0071945414
release: 0.0076408540
try: 0.0082029933
computer: 0.0069426182
brochures: 0.0159978252
mistakes: 0.0116024176
press: 0.0207507014
ship: 0.0123417228
announce: 0.0133333337
writing: 0.0266666673
business: 0.0063616168
accomplishments: 0.0127938548
complete: 0.0133333337
quote: 0.0116024176
name: 0.0063616168
write: 0.0063616168
graphics: 0.0101234261
experience: 0.0056339870
517: 0.0139794005
campaign: 0.0066666668
site: 0.0127232336
min: 0.0148181105
mail: 0.0164059866
zip: 0.0148181105
gaines: 0.0159978252
files: 0.0085250242
separate: 0.0080274669
editorial: 0.0119492784
fill: 0.0113264667
community: 0.0046598003
web: 0.0143890828
rates: 0.0078406092
hour: 0.0315956697
know: 0.0074262889
publication: 0.0101234261
michigan: 0.0066666668
charge: 0.0170500483
address: 0.0133333337
am: 0.0060206000
ad: 0.0078406092
html: 0.0139794005
special: 0.0051876754
box: 0.0080274669
electronically: 0.0139794005
mailmiserybaycom: 0.0266666673
costly: 0.0119492784
