Token: Weight
----------------
austin: 0.2500000000
fax: 0.1301740855
faq: 0.2314072996
feet: 0.1898142397
square: 0.1827997565
barrone: 0.6753919721
info: 0.1930085123
