Token: Weight
----------------
robots: 0.0126542831
abb: 0.1164949983
kuka: 0.0525304899
35: 0.0023474945
umi: 0.0300174225
particular: 0.0025085835
iii: 0.0036728315
feedback: 0.0041426718
sankyo: 0.0266630426
revision: 0.0043882877
unimation: 0.0525304899
page: 0.0013253369
k10s: 0.0150087113
file: 0.0034179138
lamberton: 0.0225130673
simulations: 0.0084361890
laser: 0.0049788659
vii: 0.0051423847
604: 0.0049788659
panasonic: 0.0600348450
motoman: 0.1425827444
copy: 0.0026506737
irb6000: 0.0066657607
oh: 0.0055555557
mentor: 0.0061742128
mitsubishi: 0.0222222228
nokia: 0.0066657607
bosch: 0.0174742509
ibm: 0.0121866511
eshed: 0.0375217758
copyright: 0.0008361945
available: 0.0019415835
models: 0.0098007610
komatsu: 0.0133315213
3000: 0.0047193612
t3776: 0.0066657607
fanuc: 0.0931960046
rx90: 0.0150087113
1000: 0.0034868682
comau: 0.0225130673
virtual: 0.0099577317
home: 0.0013253369
scorbot: 0.0225130673
6400: 0.0066657607
downloaded: 0.0053307726
s420fd: 0.0150087113
kawasaki: 0.0617421269
wsb: 0.0150087113
1996: 0.0026506737
16160: 0.0150087113
1500: 0.0049788659
106: 0.0047193612
trademarks: 0.0045922571
a1: 0.0055555557
browser: 0.0111111114
6000: 0.0047193612
files: 0.0035520936
seiko: 0.0600348450
ex: 0.0061742128
trallfa: 0.0150087113
90: 0.0027777778
return: 0.0019415835
robot: 0.0220369883
supplied: 0.0053307726
tech: 0.0185226388
eurobtec: 0.0150087113
yamaha: 0.0061742128
vrml: 0.0150087113
v6: 0.0061742128
nachi: 0.0599918440
library: 0.0068358276
robotics: 0.0141580841
romat: 0.0375217758
er: 0.0124280155
2000: 0.0034868682
recognise: 0.0150087113
vertical: 0.0049788659
76s: 0.0061742128
cybernetic: 0.0133315213
cincinatti: 0.0300174225
6125: 0.0133315213
tq: 0.0225130673
sr5407: 0.0150087113
arcmate: 0.0199972820
type: 0.0025085835
puma: 0.0399945639
ral10: 0.0150087113
66: 0.0037289520
stauumlbli: 0.0225130673
milacron: 0.0266630426
otc: 0.0225130673
sr5428: 0.0150087113
sr5427: 0.0150087113
samsung: 0.0066657607
daihen: 0.0225130673
pa10: 0.0066657607
junior: 0.0043882877
upgrade: 0.0051423847
p100: 0.0150087113
senior: 0.0034179138
adept: 0.0225130673
76: 0.0029977255
hr: 0.0043882877
robotrak: 0.0047193612
260: 0.0091845142
7676: 0.0150087113
7575: 0.0066657607
workspace: 0.0124280155
761: 0.0066657607
56: 0.0028927575
762: 0.0066657607
sands: 0.0225130673
following: 0.0038831669
name: 0.0026506737
hz: 0.0150087113
merlin: 0.0066657607
60: 0.0023474945
s500: 0.0133315213
550: 0.0066657607
srv12l: 0.0066657607
crs: 0.0133315213
ir: 0.0235828906
560: 0.0102847693
standard: 0.0055555557
april: 0.0026506737
reis: 0.0199972820
8608: 0.0066657607
list: 0.0028927575
1400: 0.0055555557
al: 0.0030942871
irb: 0.1066521704
registered: 0.0036139723
am: 0.0025085835
s12: 0.0150087113
cloos: 0.0375217758
smart: 0.0055555557
50: 0.0019415835
upgraded: 0.0116495006
