Token: Weight
----------------
guide: 0.0053531146
skills: 0.0105346562
$=price: 0.0024374900
$4475: 0.0028298383
discusses: 0.0024374900
test: 0.0043691546
6th: 0.0155390948
1s: 0.0038633302
rights: 0.0019316651
teachers: 0.0113193532
historic: 0.0065294895
religion: 0.0024374900
womens: 0.0024374900
pgs=pages: 0.0024374900
93yr: 0.0038633302
button: 0.0024374900
psychology: 0.0024374900
report: 0.0019316651
3pgs: 0.0042161648
essay: 0.0024374900
activities: 0.0094512301
fn=footnotes: 0.0024374900
black: 0.0019316651
nbsp: 0.0024374900
information: 0.0012187450
games: 0.0065294895
catalog: 0.0024374900
art: 0.0019316651
a1termpaper: 0.0024374900
$2685: 0.0042161648
papers: 0.0024374900
effects: 0.0031504100
regard: 0.0045098923
copyright: 0.0012187450
0s: 0.0056596766
termpapers: 0.0024374900
observes: 0.0028298383
pe: 0.0068784212
pf: 0.0074949735
start: 0.0019316651
simply: 0.0048749801
$17900: 0.0036562348
experienced: 0.0024374900
rhythmic: 0.0097152786
combination: 0.0060379021
12fn: 0.0031504100
asm: 0.0024374900
development: 0.0038633302
communications: 0.0019316651
subject: 0.0019316651
coordination: 0.0077695474
data: 0.0028298383
click: 0.0048749801
vs: 0.0077266605
collection: 0.0054349098
differences: 0.0038633302
ed: 0.0130589791
critical: 0.0024374900
title: 0.0038633302
american: 0.0019316651
motor: 0.0053531146
boys: 0.0161943324
written: 0.0019316651
grade: 0.0120758042
80yr: 0.0113193532
commentsa1termpapercom: 0.0024374900
17fn: 0.0036562348
classes: 0.0108698197
handicapped: 0.0068784212
look: 0.0031504100
united: 0.0024374900
1800termpaper: 0.0024374900
79yr: 0.0028298383
$23270: 0.0065294895
theme: 0.0024374900
ideal: 0.0110261366
exceptional: 0.0072566466
reserved: 0.0019316651
$11635: 0.0034214496
history: 0.0019316651
6pgs: 0.0028298383
including: 0.0012187450
yr=year: 0.0024374900
copy1996: 0.0024374900
1fn: 0.0042161648
account: 0.0036562348
0fn: 0.0113193532
testing: 0.0055130683
26pgs: 0.0065294895
public: 0.0019316651
linguistics: 0.0024374900
comments: 0.0019316651
elementary: 0.0118412804
afn: 0.0028298383
5pgs: 0.0028298383
$3580: 0.0063008200
physical: 0.0548435226
anthropology: 0.0024374900
send: 0.0019316651
sports: 0.0024374900
study: 0.0038633302
architecture: 0.0024374900
studies: 0.0057949955
recreation: 0.0024374900
science: 0.0038633302
mass: 0.0019316651
level: 0.0031504100
results: 0.0031504100
schools: 0.0099631501
updated: 0.0019316651
description: 0.0024374900
122196: 0.0024374900
investigation: 0.0038633302
medicine: 0.0024374900
shakespeare: 0.0024374900
6s: 0.0028298383
index: 0.0019316651
81yr: 0.0028298383
achievement: 0.0125025762
philosophy: 0.0024374900
literature: 0.0024374900
stress: 0.0057949955
class: 0.0040485831
correlation: 0.0130589791
physically: 0.0061478298
thesis: 0.0024374900
mainstreaming: 0.0194305573
13pgs: 0.0034214496
$5370: 0.0028298383
program: 0.0073124701
educational: 0.0038633302
economics: 0.0024374900
curriculum: 0.0122956596
teacher: 0.0241516083
media: 0.0019316651
11s: 0.0063008200
presidents: 0.0053531146
fitness: 0.0161943324
specific: 0.0019316651
4pgs: 0.0063008200
paper: 0.0096583245
sociology: 0.0024374900
existing: 0.0048749801
children: 0.0036562348
exercise: 0.0057286373
improve: 0.0047615035
analysis: 0.0038633302
education: 0.0212483145
business: 0.0019316651
evaluation: 0.0042161648
4s: 0.0028298383
ecology: 0.0024374900
instruction: 0.0062512881
termpaper: 0.0024374900
receive: 0.0040485831
catching: 0.0097152786
healthcare: 0.0024374900
film: 0.0024374900
law: 0.0012187450
music: 0.0024374900
91yr: 0.0034214496
girls: 0.0169790294
students: 0.0046401946
20pgs: 0.0036562348
standard: 0.0040485831
political: 0.0019316651
2s: 0.0036562348
classroom: 0.0130589791
urban: 0.0024374900
s=sources: 0.0024374900
term: 0.0038633302
book: 0.0019316651
expands: 0.0084895147
fundamental: 0.0053531146
competition: 0.0049815751
