Token: Weight
----------------
width=520: 0.0056497175
automobile: 0.0085791750
developed: 0.0107824011
sae: 0.0564971752
specially: 0.0225988701
muddying: 0.0135574788
city: 0.0043963348
src=imageslbautomgif: 0.0125577208
alink=800040>: 0.0056497175
alt=genemax: 0.0135574788
vehicles: 0.0224104952
generation: 0.0159884002
width=239: 0.0135574788
suplemento: 0.0251154415
sfcc: 0.0125577208
height=185>: 0.0225988701
gasoline: 0.0196651146
genemax: 0.0271149576
hd: 0.0251154415
cf4: 0.0118469493
meet: 0.0107824011
5w40: 0.0135574788
lubes: 0.0225988701
src=imagesleftgif: 0.0091117732
sinteacutetico: 0.0135574788
category: 0.0074701654
src=imagesmotorsabgif: 0.0135574788
bgcolor=ffffff: 0.0056497175
height=10>: 0.0056497175
oils: 0.0209181737
designed: 0.0047745649
typical: 0.0168515444
elaioacuten: 0.0542299151
background=imagesypffonjpg: 0.0056497175
motor: 0.0224104952
a1: 0.0112994350
api: 0.0104590869
a2: 0.0135574788
a3: 0.0125577208
link=0000ff: 0.0056497175
100: 0.0034014690
align=bottom: 0.0621468909
logo: 0.0053912005
width=118: 0.0753463209
return: 0.0039489833
movil: 0.0125577208
crankcase: 0.0271149576
moacutevil: 0.0112994350
height=30>: 0.0149403308
v6: 0.0125577208
15w40: 0.0251154415
src=imagesbarragif: 0.0056497175
src=imageselaionsigif: 0.0135574788
border=0: 0.0095491298
<img: 0.0434388146
equipped: 0.0104590869
synthetic: 0.0085791750
semisynthetic: 0.0305261910
src=imageselaionulgif: 0.0135574788
<body: 0.0053912005
height=205>: 0.0135574788
sintetico: 0.0135574788
src=imageselaiondigif: 0.0135574788
width=30: 0.0091117732
lube: 0.0251154415
width=111: 0.0056497175
light: 0.0051022032
protection: 0.0051022032
height=52>: 0.0056497175
engines: 0.0357013233
src=imageselaiongmgif: 0.0135574788
vlink=000080: 0.0056497175
sj: 0.0710816979
country: 0.0043963348
3040: 0.0101265069
suction: 0.0135574788
width=579: 0.0080868015
b3: 0.0125577208
requirements: 0.0169491526
10w30: 0.0135574788
super: 0.0098325573
src=imageselaionsmgif: 0.0125577208
conserving: 0.0135574788
performance: 0.0058835745
alt=automobile: 0.0125577208
varnishing: 0.0135574788
ultra: 0.0236938987
rust: 0.0118469493
src=imageselaionsjgif: 0.0135574788
standard: 0.0056497175
alt=ypf: 0.0056497175
provides: 0.0043963348
sport: 0.0095987003
height=204>: 0.0502308831
alt=super: 0.0125577208
text=000000: 0.0056497175
diesel: 0.0294976719
alt=elaion: 0.0542299151
src=imagesypf3d2gif: 0.0056497175
meeting: 0.0058835745
service: 0.0039489833
energy: 0.0053912005
50: 0.0039489833
specifically: 0.0058835745
