Token: Weight
----------------
con: 0.0104193455
src=imagesbarragif: 0.0181818176
ademaacutes: 0.0120201744
width=520: 0.0181818176
siguientes: 0.0181818176
border=0: 0.0076827090
<img: 0.0190628190
por: 0.0320752189
normas: 0.0181818176
<body: 0.0086749317
seat: 0.0181818176
alink=800040>: 0.0090909088
vehiacuteculos: 0.0218152143
width=111: 0.0090909088
nuestros: 0.0181818176
mitsubishi: 0.0181818176
autos: 0.0404130258
height=52>: 0.0090909088
son: 0.0109465457
cf4: 0.0190628171
vlink=000080: 0.0090909088
sj: 0.0190628171
recomiendan: 0.0491194129
nos: 0.0143616684
la: 0.0076827090
los: 0.0173498634
automoacuteviles: 0.0202065129
bgcolor=ffffff: 0.0090909088
height=10>: 0.0181818176
lo: 0.0130123980
ser: 0.0158214774
width=579: 0.0130123980
paiacutes: 0.0168296210
exigentes: 0.0202065129
haber: 0.0190628171
kawasaki: 0.0202065129
eeuu: 0.0202065129
utilizados: 0.0190628171
argentina: 0.0456462726
de: 0.0260247961
ismap: 0.0218152143
sus: 0.0123793436
lubricante: 0.0190628171
background=imagesypffonjpg: 0.0090909088
ypf: 0.0218930915
api: 0.0168296210
que: 0.0405070297
mas: 0.0098107383
ford: 0.0101267574
link=0000ff: 0.0090909088
calidad: 0.0150292041
las: 0.0202535149
sido: 0.0158214774
align=bottom: 0.0454545468
lubricantes: 0.0308903623
logo: 0.0086749317
utilizan: 0.0404130258
160<img: 0.0168296210
todos: 0.0162944682
como: 0.0130123980
especiacuteficamente: 0.0218152143
alt=ypf: 0.0090909088
marcas: 0.0491194129
para: 0.0312580392
text=000000: 0.0090909088
height=30>: 0.0120201744
el: 0.0127085457
repuacuteblica: 0.0190628171
src=imagesypf3d2gif: 0.0090909088
border=0>: 0.0174461640
en: 0.0230481271
europa: 0.0122038424
primer: 0.0150292041
recomendado: 0.0218152143
acea: 0.0202065129
