Token: Weight
----------------
phone: 0.0149886282
send: 0.0066266842
understand: 0.0159184448
store: 0.0393048152
info: 0.0214453898
installation: 0.0219414383
shipping: 0.0219414383
free: 0.0097079175
time: 0.0066266842
page: 0.0066266842
january: 0.0149886282
saturday: 0.0248943288
demonstrate: 0.0203110836
aaa: 0.0771357715
storekeep: 0.0291237496
guaranteed: 0.0229612850
modified: 0.0194158349
system: 0.0265067369
price: 0.0144637870
committed: 0.0203110836
email: 0.0277777780
secrets: 0.0447995551
company: 0.0117374724
delivering: 0.0257119220
robotic: 0.0223997775
home: 0.0132533684
appreciate: 0.0266538635
simple: 0.0163346026
click: 0.0083619449
reveals: 0.0414267145
contact: 0.0108076567
training: 0.0138888890
proofs: 0.0308710635
1997: 0.0149886282
quote: 0.0725151151
money: 0.0117374724
read: 0.0174343400
estor: 0.0308710635
site: 0.0132533684
icon: 0.0308710635
mail: 0.0341791399
check: 0.0170895699
previous: 0.0149886282
04: 0.0214453898
robot: 0.0918207839
web: 0.0149886282
youre: 0.0277777780
expertise: 0.0266538635
industrial: 0.0376287512
background: 0.0138888890
prices: 0.0177604668
3178560095: 0.0308710635
lowest: 0.0291237496
