Token: Weight
----------------
technique: 0.0165167432
understand: 0.0150806326
improves: 0.0131578948
tuneup: 0.0157873277
merchandise: 0.0121793319
maintain: 0.0154748857
lungs: 0.0146231353
influences: 0.0073285745
people: 0.0062779114
remembers: 0.0157873277
ancient: 0.0080950586
page: 0.0031389557
created: 0.0055598556
initiate: 0.0137954606
describe: 0.0093090357
prevention: 0.0096210400
stamps: 0.0137954606
compression: 0.0292462707
carry: 0.0086988108
information: 0.0019804607
services: 0.0039609214
structure: 0.0055598556
identify: 0.0186180715
differentiate: 0.0146231353
deserves: 0.0157873277
vitality: 0.0146231353
health: 0.0204776656
receiving: 0.0089587355
system: 0.0031389557
skill: 0.0126255136
aim: 0.0099902237
session: 0.0279271044
lines: 0.0073285745
language: 0.0065789474
reflexology: 0.0631493106
evaluate: 0.0103933131
getting: 0.0084128529
home: 0.0031389557
heshe: 0.0157873277
unique: 0.0075403163
reflexologist: 0.0355469473
imbalance: 0.0275909211
touchpoint: 0.0473619774
chronic: 0.0114497542
easily: 0.0091969743
elimination: 0.0108763985
costs: 0.0062779114
looking: 0.0068512675
map: 0.0098115904
wellbeing: 0.0131578948
eastman: 0.0275909211
slowly: 0.0117920507
speak: 0.0108763985
exquisite: 0.0157873277
spirit: 0.0093090357
method: 0.0065789474
body: 0.0460526310
reading: 0.0085594086
physical: 0.0059413817
individual: 0.0051194164
formulate: 0.0137954606
foot: 0.0558871701
recognition: 0.0088317282
congestion: 0.0146231353
joints: 0.0121793319
structural: 0.0086988108
type: 0.0059413817
comfortable: 0.0131578948
muscles: 0.0146231353
organs: 0.0126255136
proper: 0.0088317282
yvette: 0.0292462707
flexibility: 0.0114497542
consultations: 0.0126255136
key: 0.0045984872
protection: 0.0059413817
maintenance: 0.0079218429
unfinished: 0.0157873277
learn: 0.0085594086
sense: 0.0146571491
shape: 0.0103933131
bodys: 0.0137954606
injuries: 0.0108763985
require: 0.0079218429
acceptable: 0.0098115904
courses: 0.0106104203
direction: 0.0171188172
correction: 0.0117920507
interpret: 0.0131578948
improve: 0.0077374429
disease: 0.0080950586
merely: 0.0098115904
acute: 0.0103933131
business: 0.0031389557
resolved: 0.0106104203
circulation: 0.0117920507
read: 0.0082583716
experience: 0.0111197112
calendar: 0.0126255136
functions: 0.0075403163
spine: 0.0157873277
trauma: 0.0126255136
ill: 0.0196231809
feet: 0.0399608947
relaxation: 0.0137954606
entire: 0.0079218429
effect: 0.0051194164
emotional: 0.0077374429
learns: 0.0157873277
continue: 0.0068512675
book: 0.0031389557
benefits: 0.0065789474
step: 0.0146571491
stomach: 0.0146231353
