Token: Weight
----------------
replacement: 0.0395686179
fired: 0.0159182269
hall: 0.0484986082
grant: 0.0150762685
college: 0.0248272158
nicarry: 0.0557024293
center: 0.0240665339
installation: 0.0162864272
please: 0.0098375520
student: 0.0344518572
page: 0.0049187760
updated: 0.0049187760
pleased: 0.0197843090
cycle: 0.0131830266
services: 0.0062068040
baugher: 0.0835536495
electric: 0.0147563275
menu: 0.0159182269
submitted: 0.0166266374
include: 0.0080221780
entech: 0.0412371121
gas: 0.0114839515
160000: 0.0247389041
project: 0.0214720126
projects: 0.0124136079
system: 0.0147563275
lloyd: 0.0145873539
email: 0.0103092780
performed: 0.0156547818
hot: 0.0166266374
recommendations: 0.0126850400
measures: 0.0121246520
6103736667: 0.0206185561
june: 0.0103092780
xvii: 0.0247389041
vp: 0.0197843090
space: 0.0103092780
engineering: 0.0134126805
contact: 0.0080221780
evaluation: 0.0107360063
founders: 0.0458292067
1996: 0.0049187760
conservation: 0.0332532749
pool: 0.0369565263
dehumidification: 0.0494778082
boiler: 0.0247389041
talk: 0.0150762685
completed: 0.0140384305
office: 0.0080221780
water: 0.0107360063
ecm: 0.0494778082
application: 0.0080221780
funding: 0.0131830266
marketing: 0.0111255785
return: 0.0072058761
feet: 0.0156547818
audit: 0.0184782632
list: 0.0107360063
domestic: 0.0103092780
matt: 0.0206185561
main: 0.0087123504
obtaining: 0.0175151546
unit: 0.0126850400
electrical: 0.0166266374
implementation: 0.0111255785
mlloydentechengnovelnet: 0.0247389041
provided: 0.0107360063
stem: 0.0247389041
square: 0.0150762685
successful: 0.0129409535
grants: 0.0159182269
energy: 0.0393502079
design: 0.0093102055
