Token: Weight
----------------
office: 0.0864612535
staff: 0.1060269475
assistant: 0.0877657533
honors: 0.1887744367
cohen: 0.0828534290
ira: 0.1111111119
ms: 0.3085430861
kerry: 0.1111111119
susan: 0.1164949983
director: 0.1157102957
sara: 0.1111111119
dr: 0.0555555560
