Token: Weight
----------------
causing: 0.0092031145
tuneup: 0.0290869530
exterior: 0.0121212117
excessive: 0.0200389400
leaves: 0.0090385554
council: 0.0065404917
missing: 0.0105476519
hose: 0.0404130258
operation: 0.0065404917
bugs: 0.0145434765
dried: 0.0134710092
hide: 0.0134710092
created: 0.0051218062
page: 0.0028916439
width=152: 0.0127085447
heater: 0.0491194129
ok: 0.0072976970
industry: 0.0047160680
cool: 0.0210953038
information: 0.0018244243
coolant: 0.0327462777
rubber: 0.0127085447
housing: 0.0082528954
engine: 0.0823742971
copyright: 0.0018244243
belts: 0.0327462777
system: 0.0086749317
start: 0.0028916439
31: 0.0051218062
hot: 0.0195488948
inspect: 0.0363636352
home: 0.0028916439
communications: 0.0028916439
1691995: 0.0121212117
run: 0.0065404917
running: 0.0180771109
src=imagesmaintips480x60gif>: 0.0134710092
oil: 0.0065404917
1996: 0.0028916439
alt=maintenance: 0.0134710092
clean: 0.0180771109
quiz: 0.0121212117
adjust: 0.0102967871
periscope: 0.0121212117
cracked: 0.0327462777
note: 0.0076077119
mini: 0.0127085447
site: 0.0057832878
water: 0.0063114706
look: 0.0047160680
logo: 0.0057832878
marketing: 0.0065404917
news: 0.0051218062
clamps: 0.0134710092
front: 0.0072976970
broken: 0.0095744459
replace: 0.0552186854
dash: 0.0134710092
alt=autoshop: 0.0127085447
mixture: 0.0121212117
runs: 0.0105476519
garden: 0.0108629791
height=: 0.0121212117
height=60: 0.0134710092
border=0: 0.0051218062
<img: 0.0084723635
loose: 0.0269420184
checklist: 0.0290869530
hoses: 0.0818656981
automotive: 0.0100194700
lowsrc=imagesmaintipslowgif: 0.0134710092
thermostat: 0.0327462777
level: 0.0047160680
january: 0.0065404917
care: 0.0115665756
cooling: 0.0224394947
dirt: 0.0290869530
systems: 0.0042361817
condition: 0.0135023426
width=480: 0.0134710092
worn: 0.0127085447
maintenance: 0.0072976970
engines: 0.0095744459
leaks: 0.0269420184
modified: 0.0084723635
belt: 0.0363636352
brush: 0.0145434765
car: 0.0149145322
warm: 0.0116307763
department: 0.0054732724
cap: 0.0134710092
upper: 0.0080134496
drives: 0.0145434765
src=imagesautoshoplogosmallgif>: 0.0127085447
feel: 0.0090385554
minutes: 0.0177260358
check: 0.0223717988
surging: 0.0145434765
accessories: 0.0112197474
radiator: 0.0654925555
masthead: 0.0127085447
1015: 0.0116307763
soft: 0.0112197474
cracks: 0.0436304286
tighten: 0.0254170895
service: 0.0042361817
52: 0.0067511713
core: 0.0084723635
tips: 0.0200389400
wear: 0.0108629791
