Token: Weight
----------------
index: 0.1908485144
aw: 0.8890866637
size: 0.2602060139
