Token: Weight
----------------
guide: 0.0073456629
person: 0.0025085835
particular: 0.0025085835
manage: 0.0044799554
improved: 0.0037825773
errors: 0.0087765753
customize: 0.0199972820
communicate: 0.0044799554
refer: 0.0044799554
page: 0.0039760107
41: 0.0059954510
file: 0.0205074847
report: 0.0013253369
configure: 0.0300174225
nbsp: 0.0050171670
serve: 0.0032669203
information: 0.0066895559
programs: 0.0086461259
creating: 0.0034179138
support: 0.0050171670
contents: 0.0032669203
ibm: 0.0121866511
directives: 0.0133315213
serverside: 0.0150087113
table: 0.0082853436
log: 0.0058247503
create: 0.0055555557
include: 0.0064845942
start: 0.0013253369
planning: 0.0029977255
reporting: 0.0036139723
view: 0.0043230630
addresses: 0.0110184941
explain: 0.0041426718
review: 0.0019415835
dynamic: 0.0094387224
communications: 0.0013253369
common: 0.0025085835
secure: 0.0257344693
mapping: 0.0053307726
road: 0.0068358276
protect: 0.0028927575
run: 0.0029977255
whats: 0.0044799554
date: 0.0057855151
contact: 0.0021615315
running: 0.0289987009
messages: 0.0137767717
version: 0.0110184941
extensive: 0.0034868682
programming: 0.0040622167
guidelines: 0.0036139723
builtin: 0.0066657607
current: 0.0016723890
write: 0.0106026949
map: 0.0082853436
api: 0.0051423847
internal: 0.0028927575
note: 0.0034868682
install: 0.0166666675
files: 0.0071041873
icapi: 0.0150087113
os2: 0.0066657607
previous: 0.0029977255
logs: 0.0150087113
93: 0.0035520936
documents: 0.0065338407
pages: 0.0037825773
91: 0.0029977255
web: 0.0089931767
access: 0.0106026949
ref: 0.0066657607
overview: 0.0046949890
cdrom: 0.0058247503
documentation: 0.0091845142
interact: 0.0048343409
insert: 0.0066657607
configuration: 0.0166666675
based: 0.0033447780
single: 0.0027777778
gateway: 0.0061742128
change: 0.0043230630
authorization: 0.0048343409
remote: 0.0042890781
handled: 0.0043882877
requests: 0.0042890781
software: 0.0036139723
describes: 0.0026506737
cgi: 0.0199972820
request: 0.0034868682
enhancements: 0.0066657607
returns: 0.0040622167
welcome: 0.0039760107
networks: 0.0042180945
control: 0.0033447780
reports: 0.0066895559
connection: 0.0340431966
appropriate: 0.0309428703
124: 0.0134398667
differing: 0.0047193612
logging: 0.0061742128
code: 0.0028927575
machine: 0.0037289520
comes: 0.0036139723
unwanted: 0.0061742128
size: 0.0036139723
copies: 0.0042890781
input: 0.0048343409
program: 0.0033447780
installing: 0.0061742128
example: 0.0093899779
httpwwwicsraleighibmcom: 0.0150087113
internet: 0.0299772564
generate: 0.0048343409
webmasters: 0.0066657607
commands: 0.0045922571
security: 0.0021615315
includes: 0.0033447780
sends: 0.0048343409
warp: 0.0061742128
network: 0.0029977255
online: 0.0030942871
response: 0.0086782724
style: 0.0032669203
fix: 0.0058247503
automatically: 0.0039760107
servers: 0.0055555557
name: 0.0026506737
mean: 0.0077663339
read: 0.0034868682
supply: 0.0032669203
tailor: 0.0066657607
multiple: 0.0151303094
forms: 0.0023474945
top: 0.0026506737
+++: 0.1164949983
sites: 0.0034179138
functions: 0.0031836892
+======================================+======================================+: 0.0150087113
error: 0.0128672346
modify: 0.0061742128
provides: 0.0043230630
provider: 0.0047193612
interface: 0.0159923192
customers: 0.0043882877
section: 0.0348686799
print: 0.0039304816
rules: 0.0029977255
ip: 0.0225130673
message: 0.0041426718
plan: 0.0021615315
address: 0.0027777778
authentication: 0.0066657607
changing: 0.0027777778
book: 0.0026506737
service: 0.0038831669
provided: 0.0028927575
html: 0.0232990012
server: 0.1404252052
tips: 0.0045922571
user: 0.0035520936
brief: 0.0025085835
occur: 0.0036728315
clients: 0.0069737365
