Token: Weight
----------------
$=price: 0.0030407072
person: 0.0045610606
$4475: 0.0141206067
discusses: 0.0060814144
treatment: 0.0039300569
diagnosis: 0.0076692621
rights: 0.0024097033
folklore: 0.0112258410
religion: 0.0030407072
practices: 0.0050505050
compared: 0.0050505050
womens: 0.0030407072
materials: 0.0054504098
pgs=pages: 0.0030407072
button: 0.0030407072
located: 0.0062143886
chemical: 0.0072291102
psychology: 0.0030407072
prevention: 0.0073858486
report: 0.0024097033
role: 0.0030407072
essay: 0.0030407072
fn=footnotes: 0.0030407072
black: 0.0024097033
nbsp: 0.0030407072
structure: 0.0042681717
15fn: 0.0045610606
catalog: 0.0030407072
9fn: 0.0039300569
national: 0.0024097033
art: 0.0024097033
a1termpaper: 0.0030407072
16fn: 0.0045610606
papers: 0.0030407072
effects: 0.0039300569
copyright: 0.0015203536
5fn: 0.0039300569
health: 0.0039300569
teeth: 0.0105904546
termpapers: 0.0030407072
conditions: 0.0045610606
preventative: 0.0093497895
dentistry: 0.1091542616
start: 0.0024097033
$17900: 0.0045610606
7fn: 0.0039300569
experienced: 0.0030407072
thirdparty: 0.0105904546
asm: 0.0030407072
trends: 0.0057885256
plans: 0.0042681717
home: 0.0024097033
america: 0.0091221211
communications: 0.0024097033
subject: 0.0024097033
tissue: 0.0105904546
click: 0.0060814144
techniques: 0.0048194067
surround: 0.0121195642
diseases: 0.0155966477
resulting: 0.0056259762
critical: 0.0030407072
85yr: 0.0042681717
title: 0.0048194067
preventive: 0.0211809091
union: 0.0045610606
written: 0.0024097033
commentsa1termpapercom: 0.0030407072
publicity: 0.0096923141
sweden: 0.0083495583
7s: 0.0035301517
79yr: 0.0105904555
1800termpaper: 0.0030407072
compounds: 0.0121195642
theme: 0.0030407072
$8950: 0.0035301517
3fn: 0.0042681717
reserved: 0.0024097033
history: 0.0024097033
copy1996: 0.0030407072
yr=year: 0.0030407072
comments: 0.0024097033
linguistics: 0.0030407072
methods: 0.0039300569
affects: 0.0062143886
5pgs: 0.0141206067
send: 0.0024097033
anthropology: 0.0030407072
sports: 0.0030407072
study: 0.0024097033
architecture: 0.0030407072
recreation: 0.0030407072
studies: 0.0072291102
science: 0.0072291102
related: 0.0042681717
mass: 0.0024097033
updated: 0.0024097033
remedies: 0.0081453733
description: 0.0030407072
future: 0.0035301517
soviet: 0.0054504098
122196: 0.0030407072
medicine: 0.0091221221
shakespeare: 0.0030407072
china: 0.0052595590
6s: 0.0035301517
prepaid: 0.0096923141
reviews: 0.0050505050
index: 0.0024097033
81yr: 0.0035301517
mexico: 0.0045610606
philosophy: 0.0030407072
literature: 0.0030407072
professional: 0.0048194067
comparison: 0.0039300569
thesis: 0.0030407072
popular: 0.0054504098
involving: 0.0060814144
economics: 0.0030407072
media: 0.0024097033
therapy: 0.0066778748
5s: 0.0035301517
insurance: 0.0054504098
11s: 0.0078601139
specific: 0.0048194067
increased: 0.0057885256
paper: 0.0120485164
sociology: 0.0030407072
agents: 0.0070603034
theory: 0.0045610606
currently: 0.0050505050
analysis: 0.0024097033
education: 0.0024097033
dental: 0.0186995789
business: 0.0024097033
irrigation: 0.0211809091
4s: 0.0035301517
ecology: 0.0030407072
termpaper: 0.0030407072
acceptance: 0.0077983239
healthcare: 0.0091221221
film: 0.0030407072
law: 0.0015203536
music: 0.0030407072
20pgs: 0.0045610606
application: 0.0078601139
political: 0.0024097033
78yr: 0.0035301517
10pgs: 0.0035301517
provides: 0.0039300569
past: 0.0039300569
ada: 0.0121195642
urban: 0.0030407072
wider: 0.0093497895
s=sources: 0.0030407072
term: 0.0048194067
book: 0.0024097033
specialty: 0.0093497895
cosmetic: 0.0096923141
