Token: Weight
----------------
14fn: 0.0019235919
reliable: 0.0011315339
analyzing: 0.0010860120
memoirs: 0.0015909787
$=price: 0.0004567982
freedom: 0.0027407890
$4475: 0.0037122839
94yr: 0.0007240080
profession: 0.0009871244
college: 0.0018271927
advances: 0.0012236600
party: 0.0012823945
socialization: 0.0015174507
13fn: 0.0006411973
13s: 0.0007587253
religion: 0.0009135964
story: 0.0007901310
politics: 0.0060698027
time: 0.0010860120
free: 0.0021213051
compared: 0.0007587253
93yr: 0.0014480159
materials: 0.0008188021
telecommunication: 0.0036413865
created: 0.0006411973
fred: 0.0015174507
search: 0.0008451770
event: 0.0010032012
psychology: 0.0004567982
movement: 0.0011808062
chemical: 0.0010860120
laws: 0.0006851972
contribution: 0.0010185301
role: 0.0036543855
92yr: 0.0015174507
systematic: 0.0012543342
government: 0.0010860120
fn=footnotes: 0.0004567982
satellites: 0.0012236600
generation: 0.0010735762
black: 0.0003620040
favorable: 0.0013204572
undue: 0.0018206933
mcluhan: 0.0040994962
stressing: 0.0010032012
shown: 0.0009335728
effects: 0.0023616124
papers: 0.0004567982
14s: 0.0007587253
evolution: 0.0008188021
persuade: 0.0014560532
medias: 0.0067457254
quality: 0.0007901310
contingency: 0.0018206933
view: 0.0005904031
bakke: 0.0015909787
10fn: 0.0011808062
assessing: 0.0013599329
idea: 0.0018271927
communications: 0.0018100200
affirmative: 0.0013204572
behavior: 0.0015802620
john: 0.0014480159
examines: 0.0073087709
handling: 0.0023430472
seeking: 0.0009135964
times: 0.0010606525
guidelines: 0.0009871244
debate: 0.0009871244
24fn: 0.0017846605
affecting: 0.0009871244
17fn: 0.0006851972
trial: 0.0009135964
look: 0.0005904031
hungary: 0.0008923303
violence: 0.0008923303
censorship: 0.0085656205
ones: 0.0008923303
unify: 0.0018206933
21pgs: 0.0008695964
standards: 0.0007587253
history: 0.0018100200
independent: 0.0006851972
including: 0.0002283991
copy1996: 0.0004567982
public: 0.0050680558
notes: 0.0019235919
comments: 0.0003620040
libraries: 0.0015909787
expression: 0.0009702228
amendment: 0.0018671456
methods: 0.0005904031
tool: 0.0009135964
architecture: 0.0004567982
consumer: 0.0008451770
distortion: 0.0016864314
affairs: 0.0008451770
updated: 0.0003620040
description: 0.0004567982
priority: 0.0011095585
broadcasting: 0.0036709802
future: 0.0010606525
technological: 0.0010735762
occurrences: 0.0015174507
tony: 0.0015174507
invasion: 0.0021213051
opinion: 0.0087320050
light: 0.0013703945
climate: 0.0008695964
processes: 0.0009135964
10s: 0.0029520155
editing: 0.0016864314
establishment: 0.0010185301
notable: 0.0015909787
criticism: 0.0010606525
forces: 0.0007587253
sale: 0.0010860120
coaxial: 0.0018206933
speech: 0.0008923303
involved: 0.0012823945
particularly: 0.0012823945
factors: 0.0006851972
contemporary: 0.0015174507
delivering: 0.0014045966
murders: 0.0013599329
economics: 0.0004567982
example: 0.0006411973
opinions: 0.0021471523
fast: 0.0011715236
ideological: 0.0011521350
11s: 0.0005904031
sex: 0.0020663547
23fn: 0.0008923303
sociology: 0.0004567982
legitimate: 0.0011986218
rap: 0.0016864314
purchase: 0.0010606525
analysis: 0.0018100200
education: 0.0003620040
business: 0.0007240080
schwartz: 0.0015174507
enhance: 0.0013204572
sensationalism: 0.0018206933
controversy: 0.0030995323
$7160: 0.0031819576
especially: 0.0011808062
law: 0.0004567982
music: 0.0013703946
20pgs: 0.0020555919
12s: 0.0032059865
televised: 0.0015909787
audio: 0.0014560532
society: 0.0010606525
communication: 0.0050710626
touches: 0.0016864314
10pgs: 0.0015909788
assigned: 0.0012543342
capitalist: 0.0013599329
persons: 0.0008188021
walter: 0.0027198659
urban: 0.0004567982
dupont: 0.0029121065
mission: 0.0009335728
emotional: 0.0008923303
relations: 0.0012823945
female: 0.0009335728
brown: 0.0009335728
viceversa: 0.0018206933
fcc: 0.0025781032
kennedy: 0.0034783855
growth: 0.0006851972
william: 0.0008188021
discusses: 0.0041111838
socialist: 0.0011315339
street: 0.0007587253
inception: 0.0013599329
rights: 0.0018100200
iii: 0.0010032012
influences: 0.0025355313
influencial: 0.0016864314
71yr: 0.0018206933
twisted: 0.0018206933
errors: 0.0011986218
village: 0.0008923303
button: 0.0004567982
outdated: 0.0015909787
social: 0.0013703946
report: 0.0003620040
terrorist: 0.0028091932
activities: 0.0005904031
influenced: 0.0010185301
nbsp: 0.0004567982
programs: 0.0005904031
reported: 0.0007240080
structure: 0.0006411973
9fn: 0.0005904031
nixonkennedy: 0.0018206933
$10740: 0.0011808062
career: 0.0016903541
a1termpaper: 0.0004567982
privacy: 0.0023042699
questions: 0.0023616124
$2685: 0.0007901310
regarding: 0.0006851972
$18795: 0.0008695964
ussr: 0.0011315339
dominant: 0.0010860120
distribution: 0.0008451770
prime: 0.0007901310
earlier: 0.0008188021
periodicals: 0.0061492445
$17900: 0.0020555919
11fn: 0.0023616124
experienced: 0.0004567982
reporting: 0.0039484976
12fn: 0.0005904031
western: 0.0006411973
journalistic: 0.0016864314
newspaper: 0.0019742488
incident: 0.0034564051
plans: 0.0012823945
satellite: 0.0036709802
series: 0.0007901310
home: 0.0003620040
television: 0.0026769910
concludes: 0.0010606525
broad: 0.0009135964
subject: 0.0007240080
crew: 0.0013599329
19fn: 0.0008188021
aspects: 0.0006851972
influence: 0.0019235919
click: 0.0009135964
89yr: 0.0010606525
sociological: 0.0009702228
fairness: 0.0029121065
fiber: 0.0054620798
space: 0.0007587253
interprets: 0.0014560532
gained: 0.0012890516
22fn: 0.0008451770
perceptions: 0.0013204572
democracy: 0.0023703931
rape: 0.0011521350
2fn: 0.0007240080
ideas: 0.0007240080
shaping: 0.0011986218
79yr: 0.0031819576
editorial: 0.0013599329
$23270: 0.0012236600
recipients: 0.0011315339
focuses: 0.0043440480
prejudice: 0.0013204572
advertisement: 0.0033728627
vietnam: 0.0010735762
links: 0.0011095585
3fn: 0.0012823945
outcome: 0.0010860120
reserved: 0.0003620040
extension: 0.0011315339
1950s: 0.0011986218
interview: 0.0009524071
exploited: 0.0014045966
1fn: 0.0007901310
cables: 0.0016864314
0fn: 0.0074245678
telling: 0.0012543342
linguistics: 0.0004567982
closely: 0.0010331774
afn: 0.0021213051
technology: 0.0012823945
selective: 0.0014560532
optics: 0.0047729365
17s: 0.0020064025
elections: 0.0018671456
study: 0.0003620040
difficulty: 0.0012236600
studies: 0.0010860120
exert: 0.0018206933
spain: 0.0010735762
military: 0.0006411973
directions: 0.0012543342
looks: 0.0017712093
accomplished: 0.0014045966
schools: 0.0009335728
surveillance: 0.0013204572
family: 0.0012823945
action: 0.0014480159
investigation: 0.0007240080
medicine: 0.0004567982
$25060: 0.0013204572
divisive: 0.0016864314
trials: 0.0037630028
live: 0.0018271927
shakespeare: 0.0004567982
eye: 0.0010860120
philosophy: 0.0013703946
assist: 0.0010331774
analyzes: 0.0017712093
professional: 0.0007240080
comparison: 0.0011808062
82yr: 0.0005904031
depth: 0.0011715236
$5370: 0.0068942416
obscenity: 0.0015909787
involving: 0.0018271927
thin: 0.0014045966
release: 0.0008695964
74yr: 0.0012890516
9pgs: 0.0021213051
societies: 0.0011315339
concept: 0.0007240080
theory: 0.0013703945
limitations: 0.0011521350
writing: 0.0007587253
19s: 0.0010860120
manipulate: 0.0018206933
security: 0.0005904031
includes: 0.0009135964
believe: 0.0009135964
16pgs: 0.0006851972
war: 0.0017712093
lippman: 0.0036413865
paley: 0.0018206933
arrest: 0.0010606525
effectiveness: 0.0008695964
considerations: 0.0009871244
extent: 0.0008188021
ideology: 0.0032580362
various: 0.0018271927
major: 0.0009135964
healthcare: 0.0004567982
iran: 0.0010860120
application: 0.0005904031
audience: 0.0012543342
political: 0.0018100200
78yr: 0.0037122839
growing: 0.0007587253
print: 0.0021471523
skylab: 0.0018206933
ongoing: 0.0011315339
generations: 0.0014560532
suited: 0.0013204572
local: 0.0005303263
fantasies: 0.0018206933
changes: 0.0011808062
technique: 0.0009524071
handle: 0.0011521350
discussion: 0.0005303263
arts: 0.0010331774
don: 0.0012890516
treatment: 0.0011808062
1s: 0.0007240080
7pgs: 0.0058335885
received: 0.0006851972
itt: 0.0007901310
countries: 0.0006411973
electoral: 0.0010331774
