Token: Weight
----------------
inyeccioacuten: 0.0096188532
width=520: 0.0045871558
sae: 0.0458715595
alink=800040>: 0.0045871558
alt=genemax: 0.0110076768
vehiacuteculos: 0.0220153537
nafteros: 0.0110076768
formacioacuten: 0.0110076768
width=239: 0.0110076768
suplemento: 0.0203918945
sfcc: 0.0101959473
ciudad: 0.0101959473
height=185>: 0.0091743115
cubrir: 0.0096188532
genemax: 0.0110076768
hd: 0.0203918945
cf4: 0.0096188532
semisinteacutetico: 0.0247850250
5w40: 0.0220153537
src=imagesleftgif: 0.0073980908
una: 0.0055234861
src=imagesmotorsabgif: 0.0110076768
sinteacutetico: 0.0220153537
alt=lubricantes: 0.0101959473
los: 0.0131317787
height=204><a: 0.0247850250
uacutenico: 0.0110076768
bgcolor=ffffff: 0.0045871558
satisfacer: 0.0096188532
height=10>: 0.0045871558
generacioacuten: 0.0192377064
asegura: 0.0101959473
cumple: 0.0110076768
de: 0.0218862966
elaioacuten: 0.0440307073
lubricante: 0.0192377064
background=imagesypffonjpg: 0.0045871558
a1: 0.0091743115
a2: 0.0110076768
api: 0.0084920106
a3: 0.0101959473
del: 0.0102196634
link=0000ff: 0.0045871558
100: 0.0027617430
src=imageszlbautomgif: 0.0110076768
align=bottom: 0.0504587144
lubricantes: 0.0077934400
logo: 0.0043772589
carter: 0.0064907032
aceites: 0.0203918945
width=118: 0.0611756854
movil: 0.0101959473
href=ctnspct307htmlelaioacuten: 0.0743550807
para: 0.0315448083
moacutevil: 0.0091743115
motores: 0.0288565606
height=30>: 0.0121304514
nafta: 0.0088031106
contra: 0.0088031106
el: 0.0064125685
v6: 0.0101959473
en: 0.0038765962
es: 0.0038765962
con: 0.0105149355
15w40: 0.0305878427
caacuterter: 0.0110076768
requerimientos: 0.0110076768
src=imagesbarragif: 0.0045871558
src=imageselaionsigif: 0.0110076768
border=0: 0.0310127698
<img: 0.0192377083
desarrollado: 0.0247850250
src=imageselaionulgif: 0.0110076768
especialmente: 0.0183486231
proteccioacuten: 0.0084920106
<body: 0.0043772589
height=205>: 0.0110076768
sintetico: 0.0110076768
src=imageselaiondigif: 0.0110076768
width=30: 0.0073980908
width=111: 0.0045871558
servicio: 0.0079833148
height=52>: 0.0045871558
src=imageselaiongmgif: 0.0110076768
vlink=000080: 0.0045871558
sj: 0.0577131212
caso: 0.0091743115
caracteriacutesticas: 0.0096188532
la: 0.0077531924
3040: 0.0082219802
disentildeado: 0.0110076768
automotores: 0.0110076768
width=579: 0.0065658889
b3: 0.0101959473
paiacutes: 0.0084920106
10w30: 0.0110076768
<a: 0.0262873415
super: 0.0079833148
src=imageselaionsmgif: 0.0101959473
conserving: 0.0110076768
performance: 0.0047770306
que: 0.0102196634
ultra: 0.0192377064
las: 0.0051098317
src=imageselaionsjgif: 0.0110076768
ir: 0.0064907032
automotrices: 0.0203918945
alta: 0.0176062211
especiacuteficamente: 0.0110076768
alt=ypf: 0.0045871558
height=204>: 0.0203918945
requisitos: 0.0096188532
text=000000: 0.0045871558
alt=super: 0.0101959473
uacuteltima: 0.0192377064
diesel: 0.0239499453
excelente: 0.0096188532
alt=elaion: 0.0440307073
src=imagesypf3d2gif: 0.0045871558
primer: 0.0075835437
energy: 0.0043772589
50: 0.0032062843
