Token: Weight
----------------
usted: 0.0094104856
width=520: 0.0039215689
por: 0.0046121231
integral: 0.0082231769
alink=800040>: 0.0039215689
nuestros: 0.0235294122
compra: 0.0078431377
producir: 0.0087165358
iso: 0.0522992127
profesional: 0.0094104856
asiacute: 0.0075257970
son: 0.0094440794
uno: 0.0078431377
ha: 0.0033141100
internacional: 0.0064831870
nos: 0.0123904599
mundo: 0.0094104856
una: 0.0047220397
cliente: 0.0087165358
160: 0.0078431377
los: 0.0187106393
automoacuteviles: 0.0087165358
bgcolor=ffffff: 0.0039215689
satisfacer: 0.0082231769
height=10>: 0.0039215689
asegura: 0.0087165358
distribucioacuten: 0.0082231769
todo: 0.0140579743
exigentes: 0.0087165358
mejores: 0.0078431377
de: 0.0392923392
personal: 0.0047220397
background=imagesypffonjpg: 0.0039215689
del: 0.0087368106
bajo: 0.0072598374
productos: 0.0178648699
certificacioacuten: 0.0188209713
link=0000ff: 0.0039215689
logo: 0.0074842554
align=bottom: 0.0156862754
lubricantes: 0.0266505107
compromiso: 0.0164463539
incrementado: 0.0094104856
permanente: 0.0078431377
un: 0.0112263830
para: 0.0269677192
ente: 0.0087165358
sistema: 0.0140579743
servicios: 0.0126492865
height=30>: 0.0051851738
proceso: 0.0075257970
el: 0.0274105892
traveacutes: 0.0063246433
en: 0.0198846590
satisface: 0.0094104856
reconocimiento: 0.0094104856
operacioacuten: 0.0072598374
acea: 0.0087165358
esta: 0.0112263840
con: 0.0269677192
src=imagesbarragif: 0.0039215689
siempre: 0.0087165358
ademaacutes: 0.0051851738
border=0: 0.0033141100
seguacuten: 0.0072598374
<img: 0.0109642362
especificaciones: 0.0087165358
crecimiento: 0.0075257970
almacenamiento: 0.0078431377
normas: 0.0078431377
<body: 0.0037421277
alcance: 0.0094104856
otro: 0.0075257970
9002: 0.0392156877
su: 0.0096505806
auacuten: 0.0082231769
width=111: 0.0039215689
pueden: 0.0082231769
procesos: 0.0087165358
height=52>: 0.0039215689
permite: 0.0087165358
tecnoloacutegica: 0.0094104856
se: 0.0070830593
vlink=000080: 0.0039215689
materiales: 0.0075257970
clientes: 0.0301031880
establecidos: 0.0094104856
mundial: 0.0094104856
desarrollo: 0.0064831870
produccioacuten: 0.0051020789
plantas: 0.0078431377
la: 0.0497116484
asociacioacuten: 0.0075257970
clasificacioacuten: 0.0087165358
asistencia: 0.0082231769
gestioacuten: 0.0094104856
width=579: 0.0056131920
paiacutes: 0.0072598374
nuestro: 0.0317831524
significativo: 0.0072598374
divisioacuten: 0.0078431377
maacutes: 0.0105288066
sus: 0.0053401096
teacutecnica: 0.0078431377
entre: 0.0066626277
ypf: 0.0236101970
que: 0.0349472426
las: 0.0218420271
calidad: 0.0453823060
continuo: 0.0188209713
obstante: 0.0094104856
ya: 0.0057348949
alt=ypf: 0.0078431377
requisitos: 0.0082231769
text=000000: 0.0039215689
paso: 0.0094104856
cada: 0.0072598374
trabajo: 0.0150515940
src=imagesypf3d2gif: 0.0039215689
empresa: 0.0053401096
norma: 0.0328927077
compantildeiacuteas: 0.0068249521
